11
-25
33
27
9
7
-31
3
-1
-41
43
-31
9
77
-21
13
-51
-35
25
49
-9
37
3
29
35
15
-25
-9
-23
23
-1
-51
-71
-13
3
53
15
-51
21
15
39
-17
7
11
-49
-49
11
-57
-23
-13
37
-5
11
45
13
19
-9
37
11
29
-39
37
-19
-27
-41
11
11
-15
65
-7
-13
-65
-11
-11
-29
-23
-27
43
-49
17
-3
-5
-11
29
7
-77
35
-23
31
29
17
41
-33
37
-11
-3
47
-45
29
25
31
-41
33
59
35
-17
-35
29
-39
13
-49
-9
-53
15
-27
-7
53
-19
-43
41
57
-23
17
-39
37
73
21
-39
-51
19
23
-19
-35
23
-47
21
-75
-33
-13
-1
17
5
37
-27
-3
-1
11
27
-7
-51
51
45
7
5
23
-5
-3
-9
-1
35
15
19
19
-17
-81
47
-27
13
-25
19
65
-49
-7
15
-21
3
-31
-1
-5
-57
85
-41
13
-41
17
-51
3
59
-21
29
43
-7
11
23
57
15
35
-23
-15
9
21
-35
-5
1
25
-25
33
-21
-3
-17
1
69
-95
-7
31
-63
15
35
-17
31
-65
-3
-15
29
5
-13
15
3
-25
9
-1
-15
-5
-23
-3
-5
27
-11
9
-43
-19
-9
3
61
17
43
-35
-51
7
29
41
17
-39
-113
39
-5
19
39
11
9
1
51
25
-3
-7
5
33
-23
-37
1
-35
-53
-3
61
-39
-5
-1
31
-83
1
-89
15
47
33
47
21
-5
23
-45
-3
23
-51
3
25
55
15
15
17
19
55
-17
27
-9
-11
57
21
15
13
-5
3
-39
-35
13
-41
23
-47
-27
-23
39
-1
-13
29
23
-83
9
59
-7
5
21
19
41
-25
47
-25
-31
-5
11
-43
-31
-11
61
-13
-9
-31
1
-31
49
27
7
1
39
23
11
-9
-41
5
61
19
-27
-41
-31
37
-17
45
75
-15
-3
-15
19
-53
47
-37
43
-1
-21
-35
3
-23
-11
5
-27
15
-19
33
17
21
-31
-49
-35
9
-3
13
23
21
35
5
77
-1
-3
-65
-13
63
-5
23
-3
-5
21
17
43
-53
-39
-7
13
-43
-33
13
-33
35
19
-29
9
-15
43
-17
29
1
-1
-65
27
27
-33
-1
-49
-5
-3
-17
57
17
39
35
-19
47
19
53
9
-21
-9
41
-19
-15
-11
17
45
-1
-19
23
35
-5
5
3
21
15
-9
-9
-7
33
3
39
5
49
-39
7
-27
-15
61
37
11
45
15
-15
9
-69
-55
-75
-11
27
-3
59
25
-13
-29
-15
-31
13
-29
17
5
41
61
3
-21
-9
13
7
25
5
57
49
-53
73
-21
5
11
43
-25
11
-49
-57
-59
15
37
-1
-51
-35
-13
-15
-17
11
5
49
-17
41
-5
11
29
3
61
-13
13
-21
-45
-41
63
3
-37
-27
9
-19
15
-7
-19
-11
-5
-77
-15
-7
27
-7
-1
41
17
-39
-17
3
43
21
21
7
-27
-17
37
-43
65
-13
-3
-89
37
29
9
-15
-73
29
-3
19
-43
13
23
25
13
51
-7
61
37
-3
45
-31
25
5
55
-11
-13
-7
27
-27
21
-45
11
-39
-11
-9
-1
-59
-25
-43
31
19
-61
-19
-49
15
-57
15
-1
-5
-9
-27
-1
15
1
81
3
47
37
17
3
-1
15
15
-3
19
-7
-53
91
-25
-27
-23
51
-21
-11
-41
-13
43
-29
-19
-13
-5
-11
19
53
-5
29
3
-31
5
-23
1
-17
-27
-27
-43
13
21
-5
-11
3
5
27
25
-13
-9
1
-15
-19
23
21
7
23
3
-37
1
-17
31
25
21
-15
-17
37
-3
-43
17
-19
-39
-7
-47
21
-7
33
-11
49
-35
55
39
27
75
-65
-7
7
7
11
-27
9
-19
-7
39
-19
-1
13
-23
-9
-69
59
-21
15
13
35
27
-21
-11
-13
89
-61
-35
1
-5
-31
23
13
-5
-19
47
77
15
-1
55
-55
51
5
17
11
13
-23
31
35
-13
9
7
-35
19
-37
1
21
-9
-15
-21
-25
25
-41
5
-9
17
19
21
-17
21
19
7
-1
19
21
25
-55
-19
-7
31
-49
-41
-15
-21
17
-27
15
11
47
-45
-57
-1
-21
37
25
-5
-21
-45
-5
-49
-27
21
41
-19
-59
-15
-59
27
-59
-21
-5
25
9
23
3
17
-57
29
-57
43
-29
73
35
49
-23
3
47
3
13
-17
31
-25
23
-3
-1
-49
-9
45
-27
15
-53
-37
-61
-45
-5
-37
-55
-39
5
-29
15
43
-17
17
-25
-19
9
-43
-41
-51
-25
11
23
5
85
-81
-9
-59
39
-27
25
39
-29
31
-15
25
-5
3
-13
-13
3
-51
7
9
13
-3
-29
-9
33
-19
11
41
25
-29
-3
25
-43
41
27
17
11
-7
17
9
-3
-7
45
-55
-33
-9
-31
-27
45
-13
-21
7
3
-11
-5
-75
-23
-15
37
37
45
29
-27
-3
17
3
-25
13
37
3
-3
-53
-11
17
-17
-3
3
21
3
-43
15
-1
-27
23
9
-19
11
67
7
-7
-33
-31
1
-37
15
-1
31
41
1
-47
19
-49
1
-33
-31
11
3
17
-13
-51
-13
-17
-17
5
39
-23
-15
39
17
-25
9
25
-15
45
33
-11
29
-37
35
-3
41
-79
53
19
-11
-9
-39
3
37
3
7
11
53
-5
-5
7
-39
9
-7
35
9
9
-3
17
71
53
-11
27
43
-21
33
-33
43
-21
11
15
25
-11
-7
27
-1
-9
-21
7
-19
33
5
-17
59
-51
-27
41
-59
-5
-7
25
3
43
13
51
-7
-9
-5
-35
5
5
-55
-11
-3
35
7
-43
-33
-35
-17
13
-29
-9
13
-19
-13
-35
-3
41
-57
31
-3
-21
-29
35
17
11
-31
-23
33
3
-3
-25
13
-59
29
9
3
-29
83
-15
-29
-29
-21
-65
-25
-31
-11
-9
251
15
-55
37
3
25
27
-39
21
41
-51
19
-37
-27
11
23
-27
-33
1
-55
-61
-19
25
-7
37
-15
11
-23
3
-59
1
15
-7
-1
-31
-27
-41
9
-33
35
-31
25
43
-15
5
-19
27
-55
-37
-63
9
21
-13
27
29
-19
-17
21
5
59
7
-33
1
-71
-21
-21
15
3
17
53
7
7
-47
21
-27
9
-15
-23
-49
-47
53
43
-47
-29
33
-19
-35
-25
-7
-5
-25
7
3
23
17
-39
-7
9
-7
-21
-49
-17
37
17
31
-21
-63
-23
-21
57
-17
-37
-5
-67
-51
-1
-35
31
-9
-3
-5
-57
15
-13
-11
35
45
5
-15
31
33
-7
37
-3
-35
9
-35
11
-3
-43
57
53
11
17
5
-1
51
1
-23
-21
-21
-11
43
-3
-17
-27
-27
75
45
-27
-79
65
-23
-33
7
47
15
13
1
-29
-17
-7
-51
-1
-53
57
3
25
-29
-63
25
79
13
-3
25
33
-15
-11
9
-63
-55
17
7
25
-17
-35
-67
-53
37
19
-77
-15
55
61
41
-33
-27
25
23
17
-23
-17
-27
1
-17
-51
33
-17
-45
-23
19
-47
-29
-1
-11
-1
57
-9
1
-5
39
47
53
-57
-61
3
-47
-51
-23
-39
19
-13
-23
-5
-1
1
-35
-51
33
-45
-1
-17
59
3
5
23
33
-25
15
15
-51
-3
-23
-17
-15
15
-35
-9
19
-35
19
-9
-23
5
-1
-45
-37
55
-31
1
-25
27
-35
-23
-25
15
-3
25
25
-55
-35
-53
37
23
33
-33
-45
-57
9
-49
-43
25
29
29
17
13
47
-23
23
-47
-19
11
-1
51
1
31
-31
39
41
-35
17
-25
71
5
-57
3
-39
-17
43
57
-47
-37
-81
13
-25
-29
35
3
-33
35
1
85
-47
-69
1
1
19
-25
3
-27
15
-67
-13
-1
33
-13
-3
9
-35
-19
13
-7
-11
11
-33
45
-5
-19
15
-19
-17
1
21
7
-1
-29
-45
-5
67
-15
-23
-19
19
13
1
33
7
57
5
-17
-3
-7
21
21
45
-33
-27
3
-21
19
-31
-3
41
-7
55
-21
5
3
7
27
-39
33
35
25
69
-53
-19
65
35
-23
-23
-21
-25
-35
23
-29
-13
35
-39
-15
-43
15
-25
-19
11
-25
35
-9
-27
39
51
-3
7
29
-1
69
3
9
-83
-21
37
-1
27
55
-43
37
13
39
7
-61
15
-57
7
49
11
-47
9
27
-19
-33
37
-27
47
-35
-15
23
49
29
59
-21
37
-35
5
19
-43
-23
-7
7
-5
-67
-29
1
19
-5
-13
31
53
-47
55
7
-29
-51
-7
13
3
7
37
3
15
11
-37
57
-1
47
35
-37
-35
47
-43
7
-5
79
51
7
5
-13
-13
11
-63
13
39
29
35
-15
27
-9
-7
39
-53
55
-35
33
45
-31
17
19
-23
-37
-13
1
-5
9
-51
11
-5
-29
-39
-25
-55
-55
19
-59
-51
47
27
69
-15
-55
23
-3
-69
-3
-15
11
-17
-15
13
21
-27
43
-19
-21
-49
3
-37
-9
-19
7
7
43
-21
25
25
-5
31
-49
27
3
53
-27
-49
-33
11
-17
-21
-9
-9
33
3
-17
7
7
-11
-17
11
-1
-11
3
27
-55
53
25
13
33
-15
-19
25
41
89
-27
-1
35
-27
-19
7
35
-35
-17
-27
1
21
1
-17
-19
-1
25
19
1
25
43
15
23
37
17
21
-29
-3
-3
-7
45
19
21
45
-21
11
-21
65
-45
-17
17
37
27
9
-29
-37
29
-13
-31
13
63
-37
31
3
-7
-7
-23
-45
-13
1
-1
3
-27
-15
-45
23
-17
-25
-33
55
25
43
-39
25
13
9
-31
-3
-23
-1
-11
11
-19
33
-37
23
25
-37
-55
-15
1
-7
21
-27
1
37
17
9
-3
49
11
-33
-9
15
-27
-7
-53
11
33
23
3
23
1
-5
9
19
83
13
17
47
-23
5
-29
27
9
13
9
-11
7
9
25
31
-15
19
17
-1
-1
-39
-41
17
47
17
11
71
-39
25
-41
15
33
17
17
-43
13
-27
-23
13
-5
-53
31
-19
43
-5
5
-37
7
11
-35
-9
-29
-57
-81
273
25
7
-5
-21
-1
-5
-7
-23
17
9
-11
-43
-17
-15
-9
17
21
81
-27
9
49
9
7
-23
-53
9
-63
-55
7
-47
25
-39
3
-11
-17
73
-5
-11
1
-45
-31
63
-15
-43
39
-3
27
-31
65
5
-3
-13
-51
11
37
-19
-35
29
21
1
-33
-1
-37
65
-7
21
43
43
-25
3
-21
25
-3
3
79
53
-11
9
-37
-1
41
7
11
-47
33
55
59
-75
29
-7
33
-29
-7
7
71
49
19
-43
31
-13
-19
5
-27
11
-17
-5
57
43
-9
-23
37
-39
-39
11
-43
19
-27
-17
21
39
-65
9
11
-1
-39
-21
-11
-3
-39
51
21
-27
7
9
35
1
13
-9
3
25
21
-51
-7
-29
31
13
-5
-1
3
35
11
-11
21
49
11
9
-17
5
59
1
-13
-27
-11
-55
27
-17
-39
27
17
-5
35
35
-43
-17
37
65
3
-39
27
41
21
57
9
-17
-11
-27
51
13
11
21
-33
43
37
11
1
-31
53
11
-5
45
-19
-43
-37
1
-11
37
-33
61
-7
13
25
31
1
15
-27
-21
-3
-7
-35
89
29
-31
-31
75
33
15
-37
-19
15
-41
31
-9
-61
-29
-13
-43
15
45
-37
69
-25
31
21
-1
27
31
-5
3
41
-33
-27
-5
-3
-21
39
1
-11
-29
73
15
-1
-33
-7
-9
53
27
-25
39
55
-3
3
-1
15
-27
-31
87
23
-15
3
-5
-3
-25
59
35
89
-3
-5
51
35
-19
-29
-47
11
-19
-11
-37
25
-23
-23
-5
-13
9
-15
-39
-27
25
-15
7
-33
23
109
35
5
11
45
-13
1
47
73
1
3
25
17
25
-33
-11
-15
17
-3
7
-1
39
39
-31
1
35
75
-53
-13
55
-1
5
11
11
-39
37
3
-63
21
-7
17
-13
11
-23
-5
-55
-61
15
25
27
27
-1
-13
7
23
33
35
-15
-13
11
35
15
53
-9
-63
31
-1
29
9
19
9
-35
-9
27
-63
-15
65
33
-87
51
-17
-25
5
-45
-19
-59
-47
-25
59
53
19
-13
27
-29
13
-35
-13
117
23
-59
29
21
-9
-31
-63
-11
17
41
45
23
-33
15
55
1
11
-39
-41
-19
-25
17
-15
-35
-31
1
-17
-33
-13
-59
-41
25
21
21
-5
9
9
7
-9
-27
85
-7
3
-23
31
9
-23
3
-21
57
-39
-47
-5
-73
45
-75
13
47
13
7
11
-21
25
11
17
23
-81
39
-15
39
-53
5
19
-35
-15
-9
-65
7
-25
-29
19
5
-23
13
19
-9
-7
25
15
-25
29
-1
-29
15
-23
21
-23
59
-75
13
-1
55
-19
3
27
-19
-73
23
39
23
1
21
17
1
-7
29
5
45
-7
-69
-41
23
33
5
-19
-31
29
-19
3
-25
67
-5
-19
13
-27
-15
37
-23
-25
-11
35
-13
-9
-31
49
11
15
-67
35
-11
55
-11
-7
-65
5
-1
-95
-81
-5
-9
35
31
41
-13
-23
-17
-11
-83
13
-3
17
25
-27
-13
1
19
13
-13
27
35
17
-7
11
-21
13
3
-11
49
-47
-3
29
-25
-7
21
3
-29
11
-25
7
3
19
-9
45
69
37
-35
27
-17
-33
-5
47
-23
-7
-3
-3
49
9
27
-25
37
31
13
25
35
11
-15
-35
-35
5
23
-35
-31
-45
-21
-23
-27
3
-5
17
23
41
-57
1
-21
31
-33
5
37
7
9
-1
29
21
45
3
5
-21
21
-85
-39
-7
23
-17
11
-73
5
1
23
65
15
-17
11
-39
27
-27
5
9
9
-5
13
51
-39
-23
-11
-11
43
1
39
29
-19
-15
-13
1
-15
-21
37
3
-47
21
-61
7
-17
-39
-37
-5
23
-19
-3
-7
5
31
39
37
-25
-59
21
51
53
1
5
-3
47
-35
-27
-13
29
-23
-1
-23
15
-11
-9
-1
15
-17
-5
-5
-21
-43
55
33
15
-3
-45
-19
-31
7
27
-59
27
-3
39
3
-19
-11
-33
-11
-11
-27
-3
-9
-81
-49
-17
43
-27
13
3
17
-41
-23
-11
-7
47
35
-17
-19
-51
37
-9
43
41
-55
3
-35
15
7
15
29
9
59
-3
-25
7
17
-3
21
-11
3
1
-7
47
3
-81
17
33
-27
65
21
-3
-13
-71
-5
-45
-71
-3
9
17
57
-47
41
-25
-35
-39
-31
-37
5
-25
11
-5
-17
11
-9
-3
59
-45
11
-1
9
23
1
-21
-21
25
23
-1
-27
-7
5
-45
-39
-13
-25
-27
59
21
13
-21
-21
35
-37
-9
-3
-23
-5
9
25
21
-7
-23
-11
-37
39
17
25
-5
-3
3
-5
29
-55
-47
-77
-7
-33
-15
33
21
47
-55
-15
265
11
-1
21
-49
-39
-67
27
21
43
3
29
-31
13
23
59
-27
11
-1
-21
-15
15
-73
13
9
9
-35
17
-19
33
21
-27
19
11
5
29
15
-9
43
-27
15
-9
-37
-5
-37
13
-17
-27
-3
59
-21
-39
3
-15
-29
-19
-3
-27
7
-11
-7
-23
41
-1
13
-5
71
15
15
-11
-23
9
9
17
-29
-35
-33
-67
-27
9
19
37
17
-45
-41
-15
15
-77
3
-83
39
-21
19
47
-11
-3
-35
27
-17
23
-23
15
-9
21
29
15
-15
-13
93
-13
-25
-3
-39
-15
-11
51
-33
-33
13
5
23
25
-51
-13
-59
-41
-31
9
-5
-35
27
37
-1
-9
35
71
-9
7
19
-29
-37
-25
11
-5
-29
-5
35
-27
-23
35
3
-3
39
25
-15
-21
-25
27
-15
-49
9
-13
-33
-35
7
21
-21
-27
-17
39
9
-47
-45
-31
27
9
-51
5
-35
3
9
35
-19
13
9
-5
45
31
-35
57
39
5
39
21
-51
-51
1
7
31
11
-17
39
43
-37
-5
23
-3
-43
1
5
-13
23
-47
-11
25
1
33
-3
-7
89
-19
-23
5
21
-21
79
-33
33
-31
-21
-71
-11
-15
23
7
1
59
35
15
-17
3
-29
29
-1
-3
-3
71
